%YAML:1.0
intrinsic_matrix: !!opencv-matrix
   rows: 3
   cols: 3
   dt: f
   data: [ 6.57940002e+02, 0., 3.20209991e+02, 0., 6.59780029e+02,
       2.42959991e+02, 0., 0., 1. ]
dist_coeffs: !!opencv-matrix
   rows: 1
   cols: 4
   dt: f
   data: [ 1.42151996e-01, -5.02394021e-01, 2.97900010e-03,
       -3.58999998e-04 ]
